270
818
434
944
674
595
565
386
173
409
22
908
919
659
416
116
729
921
538
425
246
419
260
392
249
867
354
482
55
418
105
176
399
230
32
60
748
374
790
108
918
861
385
929
668
698
489
831
379
741
3
927
579
637
667
178
568
660
899
575
444
772
805
299
464
723
558
572
511
52
228
467
530
297
110
826
153
237
518
841
817
203
621
207
752
992
418
156
254
761
208
621
68
476
474
266
482
616
198
905
459
530
310
946
367
877
423
146
284
325
640
921
895
585
754
89
61
249
866
54
160
495
68
131
264
775
694
212
911
218
797
576
603
813
736
73
859
450
357
380
669
243
710
83
178
413
345
341
362
946
734
735
894
878
842
212
938
422
889
719
337
712
636
582
777
472
118
970
81
608
796
718
591
705
226
757
683
321
534
268
635
41
250
353
594
598
899
1000
522
62
338
907
846
911
604
733
951
88
132
382
546
48
104
138
931
920
436
719
968
977
338
93
872
11
995
1000
728
308
38
469
96
561
9
467
674
682
548
76
262
868
531
369
49
270
100
879
200
220
542
176
362
169
778
384
509
179
240
353
749
262
382
998
530
806
973
307
704
924
414
203
971
735
756
516
98
565
765
177
394
125
204
58
358
582
983
83
514
686
936
839
703
972
72
179
147
853
30
498
306
937
306
303
577
380
60
273
645
623
741
857
971
290
7
96
752
417
508
40
571
808
394
483
782
13
922
926
334
829
953
45
596
790
794
716
306
617
668
974
693
51
994
478
570
57
889
663
843
825
693
724
238
987
111
891
680
253
710
997
524
184
491
13
339
60
482
634
201
101
964
123
685
460
556
823
188
70
787
765
395
699
561
928
689
726
435
354
613
878
551
376
885
441
516
572
86
23
680
799
747
815
986
533
404
553
25
461
776
625
903
907
471
626
676
15
104
614
7
38
323
325
547
511
97
551
776
475
215
516
925
500
739
810
520
607
710
625
122
42
388
889
817
965
912
445
984
874
674
160
318
690
467
488
529
792
260
197
508
146
396
92
324
265
123
1000
765
443
394
606
46
546
845
647
138
882
804
958
915
563
836
181
996
319
100
623
69
956
759
324
338
169
262
430
366
636
1
357
140
564
762
369
519
914
228
150
877
209
389
216
854
344
819
499
715
609
363
424
338
679
733
982
646
201
676
288
733
797
435
324
110
470
433
709
251
517
431
65
355
516
981
105
345
615
885
231
727
330
458
392
239
953
205
716
401
312
514
18
905
410
281
9
610
88
852
215
641
927
775
308
619
227
953
954
661
75
102
500
831
600
149
796
524
649
607
704
59
676
974
147
351
328
111
15
539
750
471
209
958
556
687
290
898
211
266
830
121
935
985
818
857
89
15
5
146
529
603
216
188
835
826
448
639
285
463
369
75
701
662
549
146
577
866
597
601
125
475
276
185
363
541
642
979
248
276
201
672
30
706
484
168
835
850
383
908
136
462
819
158
70
503
876
66
854
984
317
437
225
984
775
466
595
618
297
789
162
942
57
929
222
605
857
341
936
189
396
999
378
656
187
690
108
666
48
943
581
690
761
681
602
993
721
179
473
245
490
886
930
288
511
186
645
950
805
523
475
264
116
851
495
996
438
844
794
85
379
214
274
438
400
730
193
736
669
861
631
933
974
303
847
703
91
424
438
601
326
875
618
777
784
114
949
546
299
188
371
2
419
401
219
312
6
879
316
458
996
222
337
405
519
392
540
565
495
761
689
533
347
432
686
655
324
792
763
609
295
830
435
551
169
421
375
652
569
838
71
561
774
150
690
822
112
68
554
808
984
600
874
474
802
342
437
389
374
201
880
9
425
830
530
563
989
363
712
663
403
333
391
283
857
731
588
695
274
149
700
550
889
640
839
154
29
926
216
935
574
271
549
631
180
371
424
540
901
998
48
8
501
387
162
792
369
627
58
865
527
935
85
140
970
273
647
826
412
626
63
352
219
131
154
554
619
296
48
148
613
113
508
818
177
426
894
475
828
510
108
253
850
664
669
67
307
438
85
205
169
574
483
416
691
614
413
629
149
154
139
438
455
839
322
570
467
487
533
872
177
669
205
659
3
996
470
682
240
179
500
274
450
821
166
298
959
115
108
249
825
333
697
424
703
161
943
41
382
504
212
360
759
124
941
734
662
212
238
900
658
547
702
411
991
391
570
383
846
844
947
181
839
803
46
373
255
510
916
983
627
278
947
606
641
249
970
595
387
629
854
494
193
816
728
227
280
141
14
972
813
373
976
250
218
436
329